(remove 2(1 4 5 10 9 2 8 10 1 5 1 6 ))
(remove 1(4 3 2 3 6 6 7 3 9 5 8 4 6 2 ))
(remove 1(9 4 7 5 6 5 ))
(remove 2(6 8 9 9 4 2 8 7 4 ))
(remove 2(1 6 7 3 7 ))
(remove 3(10 9 4 3 10 4 7 ))
(find-indices 8(2 5 5 8 10 2 6 8 5 9 7 4 ))
(find-indices 3(4 5 3 3 8 1 6 2 1 4 7 3 ))
(find-indices 6(1 3 7 2 7 3 1 9 4 6 8 1 5 5 ))
(find-indices 6(4 1 3 8 3 2 9 8 3 9 4 9 1 ))
(find-indices 9(2 3 6 5 2 8 6 2 4 3 9 6 ))
(find-indices 9(1 7 8 1 10 6 6 3 4 ))
(asum (-12 -16 -18 -7 11 -6 19 14 17 ))
(asum (-12 8 3 6 -12 3 12 -14 -12 4 -12 1 -15 ))
(asum (18 17 16 18 9 2 20 1 -14 -11 5 -15 -15 ))
(asum (-8 -20 -7 10 12 ))
(asum (-8 -2 -6 4 -18 12 12 -4 -20 -20 17 3 ))
(asum (7 11 -10 18 18 3 14 -8 -15 -5 3 -14 -14 -8 ))
(square (-9 16 19 -20 3 13 ))
(square (3 -14 -3 2 -3 -13 -20 ))
(square (7 -13 -8 -10 -13 -1 18 19 -7 -13 -3 1 ))
(square (17 -14 -4 14 1 10 ))
(square (15 12 19 11 -20 17 -17 9 12 13 -9 -1 ))
(square (-3 18 -16 -10 -3 7 7 -14 -4 -20 18 ))
(square (-12 3 -12 16 9 -15 -20 -2 17 -13 16 -5 ))
